[[[175 173 174]
  [175 173 174]
  [175 173 174]
  ...
  [153 146 138]
  [153 146 138]
  [153 146 138]]

 [[175 173 174]
  [175 173 174]
  [175 173 174]
  ...
  [153 146 138]
  [153 146 138]
  [153 146 138]]

 [[175 173 174]
  [175 173 174]
  [175 173 174]
  ...
  [153 146 138]
  [153 146 138]
  [153 146 138]]

 ...

 [[146 156 165]
  [151 160 169]
  [138 147 156]
  ...
  [154 153 149]
  [153 152 148]
  [153 152 148]]

 [[147 157 166]
  [151 160 169]
  [138 147 156]
  ...
  [155 154 150]
  [154 153 149]
  [153 152 148]]

 [[148 158 167]
  [153 162 171]
  [139 148 157]
  ...
  [155 154 150]
  [154 153 149]
  [153 152 148]]]